replications:[3, 3, 3]
size:[1104, 2400, 3]
start:1638802729.2405381
create:1638802729.276024
